0 2299
1 1963
2 1651
3 1387
4 1219
5 1169
6 1235
7 1403
8 1672
9 1987
10 2320
11 2611
12 2849
13 2987
14 3019
15 2936
16 2755
17 2499
18 2187
19 1867
20 1571
21 1345
22 1211
23 1201
24 1298
25 1499
26 1778
27 2098
28 2411
29 2683
30 2888
31 2987
32 2979
33 2873
34 2667
35 2403
36 2091
37 1779
38 1507
39 1313
40 1216
41 1235
42 1362
43 1587
44 1875
45 2195
46 2497
47 2745
48 2915
49 2985
50 2945
51 2803
52 2579
53 2299
54 1987
55 1691
56 1443
57 1283
58 1225
59 1281
60 1440
61 1683
62 1984
63 2297
64 2578
65 2800
66 2936
67 2969
68 2899
69 2731
70 2491
71 2202
72 1896
73 1616
74 1394
75 1264
76 1243
77 1330
78 1515
79 1779
80 2083
81 2387
82 2651
83 2843
84 2947
85 2947
86 2843
87 2651
88 2395
89 2098
90 1800
91 1539
92 1347
93 1251
94 1272
95 1395
96 1610
97 1883
98 2192
99 2480
100 2715
101 2881
102 2947
103 2907
104 2777
105 2563
106 2291
107 1993
108 1707
109 1472
110 1315
111 1259
112 1313
113 1466
114 1705
115 1987
116 2291
117 2563
118 2777
119 2906
120 2938
121 2864
122 2699
123 2467
124 2186
125 1889
126 1619
127 1411
128 1296
129 1275
130 1363
131 1553
132 1809
133 2099
134 2392
135 2640
136 2825
137 2915
138 2913
139 2803
140 2616
141 2363
142 2081
143 1795
144 1547
145 1371
146 1288
147 1307
148 1427
149 1640
150 1907
151 2203
152 2483
153 2707
154 2859
155 2921
156 2880
157 2739
158 2531
159 2264
160 1971
161 1699
162 1475
163 1337
164 1291
165 1347
166 1507
167 1739
168 2019
169 2307
170 2563
171 2763
172 2883
173 2907
174 2827
175 2665
176 2435
177 2160
178 1875
179 1619
180 1427
181 1315
182 1307
183 1403
184 1587
185 1835
186 2121
187 2401
188 2635
189 2811
190 2899
191 2883
192 2777
193 2587
194 2339
195 2057
196 1779
197 1547
198 1379
199 1312
200 1339
201 1467
202 1680
203 1939
204 2227
205 2491
206 2699
207 2843
208 2891
209 2843
210 2707
211 2499
212 2240
213 1955
214 1698
215 1483
216 1354
217 1315
218 1384
219 1539
220 1771
221 2043
222 2322
223 2568
224 2755
225 2865
226 2881
227 2800
228 2635
229 2408
230 2139
231 1859
232 1617
233 1433
234 1336
235 1338
236 1435
237 1625
238 1873
239 2147
240 2411
241 2635
242 2795
243 2872
244 2851
245 2737
246 2547
247 2307
248 2035
249 1771
250 1547
251 1395
252 1331
253 1371
254 1499
255 1707
256 1971
257 2243
258 2499
259 2699
260 2827
261 2867
262 2811
263 2673
264 2466
265 2209
266 1939
267 1689
268 1491
269 1370
270 1344
271 1411
272 1577
273 1803
274 2073
275 2339
276 2571
277 2747
278 2848
279 2851
280 2763
281 2595
282 2371
283 2112
284 1843
285 1616
286 1443
287 1360
288 1369
289 1474
290 1659
291 1899
292 2170
293 2426
294 2635
295 2785
296 2851
297 2819
298 2707
299 2521
300 2281
301 2017
302 1763
303 1555
304 1411
305 1361
306 1403
307 1538
308 1745
309 1995
310 2259
311 2505
312 2691
313 2811
314 2843
315 2785
316 2641
317 2435
318 2185
319 1923
320 1683
321 1499
322 1387
323 1376
324 1451
325 1611
326 1835
327 2096
328 2353
329 2576
330 2739
331 2825
332 2819
333 2731
334 2568
335 2344
336 2091
337 1835
338 1618
339 1459
340 1385
341 1400
342 1507
343 1691
344 1929
345 2187
346 2435
347 2634
348 2771
349 2827
350 2795
351 2675
352 2491
353 2251
354 1994
355 1747
356 1554
357 1425
358 1385
359 1435
360 1576
361 1779
362 2027
363 2283
364 2514
365 2688
366 2795
367 2816
368 2747
369 2603
370 2402
371 2155
372 1906
373 1681
374 1507
375 1409
376 1403
377 1483
378 1648
379 1867
380 2115
381 2368
382 2579
383 2729
384 2808
385 2795
386 2699
387 2531
388 2314
389 2065
390 1819
391 1610
392 1465
393 1400
394 1427
395 1539
396 1731
397 1963
398 2217
399 2451
400 2635
401 2761
402 2803
403 2760
404 2635
405 2451
406 2219
407 1971
408 1744
409 1555
410 1441
411 1410
412 1467
413 1608
414 1811
415 2051
416 2299
417 2520
418 2683
419 2779
420 2795
421 2721
422 2577
423 2371
424 2131
425 1883
426 1667
427 1507
428 1419
429 1426
430 1515
431 1683
432 1899
433 2147
434 2387
435 2585
436 2723
437 2787
438 2763
439 2664
440 2499
441 2280
442 2040
443 1808
444 1611
445 1475
446 1427
447 1459
448 1577
449 1761
450 1987
451 2233
452 2459
453 2635
454 2747
455 2785
456 2731
457 2609
458 2424
459 2195
460 1954
461 1731
462 1555
463 1451
464 1427
465 1497
466 1641
467 1843
468 2083
469 2321
470 2529
471 2681
472 2763
473 2763
474 2688
475 2539
476 2337
477 2104
478 1872
479 1667
480 1521
481 1443
482 1457
483 1547
484 1715
485 1929
486 2168
487 2394
488 2585
489 2713
490 2769
491 2739
492 2635
493 2467
494 2251
495 2017
496 1795
497 1609
498 1488
499 1443
500 1483
501 1610
502 1795
503 2019
504 2256
505 2467
506 2635
507 2736
508 2760
509 2699
510 2576
511 2387
512 2163
513 1931
514 1723
515 1563
516 1472
517 1459
518 1529
519 1675
520 1875
521 2106
522 2331
523 2531
524 2673
525 2747
526 2744
527 2659
528 2513
529 2307
530 2083
531 1856
532 1659
533 1523
534 1459
535 1480
536 1579
537 1747
538 1962
539 2194
540 2411
541 2587
542 2699
543 2747
544 2712
545 2603
546 2435
547 2225
548 1995
549 1784
550 1611
551 1499
552 1467
553 1515
554 1642
555 1826
556 2043
557 2273
558 2475
559 2627
560 2723
561 2737
562 2675
563 2547
564 2360
565 2139
566 1915
567 1715
568 1563
569 1483
570 1483
571 1561
572 1707
573 1907
574 2131
575 2353
576 2539
577 2667
578 2729
579 2715
580 2627
581 2475
582 2280
583 2059
584 1843
585 1664
586 1538
587 1483
588 1507
589 1611
590 1779
591 1987
592 2211
593 2419
594 2586
595 2691
596 2729
597 2688
598 2578
599 2409
600 2200
601 1977
602 1771
603 1611
604 1512
605 1489
606 1546
607 1674
608 1858
609 2074
610 2291
611 2483
612 2627
613 2707
614 2714
615 2643
616 2515
617 2330
618 2115
619 1899
620 1715
621 1571
622 1504
623 1507
624 1587
625 1739
626 1931
627 2152
628 2362
629 2539
630 2659
631 2715
632 2696
633 2603
634 2451
635 2251
636 2035
637 1827
638 1657
639 1539
640 1499
641 1531
642 1643
643 1811
644 2017
645 2233
646 2434
647 2587
648 2682
649 2707
650 2659
651 2547
652 2379
653 2171
654 1961
655 1763
656 1616
657 1523
658 1512
659 1571
660 1704
661 1883
662 2096
663 2306
664 2491
665 2625
666 2697
667 2696
668 2619
669 2488
670 2305
671 2091
672 1883
673 1706
674 1579
675 1515
676 1530
677 1618
678 1771
679 1963
680 2178
681 2379
682 2545
683 2651
684 2696
685 2667
686 2571
687 2419
688 2225
689 2016
690 1819
691 1659
692 1555
693 1520
694 1563
695 1673
696 1840
697 2040
698 2251
699 2441
700 2585
701 2672
702 2691
703 2635
704 2521
705 2347
706 2147
707 1939
708 1755
709 1611
710 1537
711 1531
712 1601
713 1731
714 1915
715 2122
716 2323
717 2499
718 2619
719 2681
720 2667
721 2593
722 2458
723 2275
724 2073
725 1873
726 1704
727 1585
728 1531
729 1555
730 1648
731 1795
732 1987
733 2194
734 2387
735 2545
736 2643
737 2680
738 2643
739 2547
740 2393
741 2201
742 1995
743 1803
744 1656
745 1561
746 1538
747 1587
748 1704
749 1867
750 2067
751 2272
752 2451
753 2585
754 2659
755 2667
756 2609
757 2488
758 2315
759 2123
760 1923
761 1747
762 1619
763 1553
764 1555
765 1627
766 1763
767 1939
768 2144
769 2337
770 2504
771 2611
772 2667
773 2651
774 2570
775 2427
776 2249
777 2050
778 1858
779 1697
780 1587
781 1547
782 1577
783 1675
784 1827
785 2019
786 2219
787 2403
788 2547
789 2635
790 2659
791 2619
792 2515
793 2361
794 2171
795 1977
796 1795
797 1657
798 1571
799 1555
800 1611
801 1731
802 1897
803 2091
804 2283
805 2459
806 2584
807 2649
808 2651
809 2587
810 2466
811 2296
812 2099
813 1907
814 1739
815 1619
816 1562
817 1571
818 1651
819 1792
820 1971
821 2163
822 2355
823 2507
824 2611
825 2651
826 2627
827 2539
828 2400
829 2219
830 2027
831 1843
832 1696
833 1595
834 1568
835 1602
836 1699
837 1856
838 2041
839 2235
840 2410
841 2547
842 2627
843 2643
844 2600
845 2491
846 2336
847 2152
848 1960
849 1787
850 1651
851 1579
852 1577
853 1635
854 1755
855 1923
856 2115
857 2304
858 2467
859 2579
860 2635
861 2627
862 2561
863 2434
864 2266
865 2075
866 1891
867 1737
868 1627
869 1579
870 1595
871 1683
872 1819
873 1995
874 2185
875 2361
876 2507
877 2603
878 2635
879 2603
880 2515
881 2376
882 2195
883 2009
884 1833
885 1691
886 1603
887 1579
888 1626
889 1731
890 1883
891 2067
892 2251
893 2419
894 2547
895 2619
896 2627
897 2576
898 2466
899 2307
900 2129
901 1939
902 1779
903 1659
904 1595
905 1595
906 1659
907 1785
908 1952
909 2136
910 2315
911 2467
912 2577
913 2625
914 2611
915 2539
916 2411
917 2243
918 2059
919 1880
920 1731
921 1627
922 1592
923 1617
924 1706
925 1843
926 2019
927 2203
928 2379
929 2513
930 2595
931 2619
932 2587
933 2489
934 2347
935 2176
936 1993
937 1826
938 1691
939 1611
940 1600
941 1649
942 1755
943 1907
944 2089
945 2267
946 2427
947 2545
948 2608
949 2611
950 2555
951 2441
952 2283
953 2107
954 1931
955 1771
956 1659
957 1603
958 1611
959 1683
960 1811
961 1976
962 2155
963 2331
964 2475
965 2571
966 2611
967 2587
968 2513
969 2379
970 2217
971 2035
972 1867
973 1731
974 1635
975 1609
976 1641
977 1731
978 1874
979 2042
980 2219
981 2385
982 2514
983 2587
984 2603
985 2563
986 2467
987 2323
988 2154
989 1976
990 1817
991 1691
992 1626
993 1616
994 1673
995 1779
996 1936
997 2107
998 2283
999 2435
1000 2544
1001 2595
1002 2593
1003 2530
1004 2411
1005 2258
1006 2083
1007 1914
1008 1770
1009 1667
1010 1619
1011 1635
1012 1714
1013 1835
1014 2000
1015 2176
1016 2339
1017 2475
1018 2563
1019 2595
1020 2571
1021 2489
1022 2355
1023 2195
1024 2027
1025 1859
1026 1731
1027 1648
1028 1627
1029 1665
1030 1760
1031 1899
1032 2067
1033 2241
1034 2395
1035 2513
1036 2579
1037 2587
1038 2539
1039 2441
1040 2297
1041 2129
1042 1962
1043 1811
1044 1699
1045 1640
1046 1642
1047 1699
1048 1811
1049 1963
1050 2131
1051 2299
1052 2441
1053 2539
1054 2584
1055 2571
1056 2505
1057 2387
1058 2235
1059 2066
1060 1904
1061 1763
1062 1674
1063 1635
1064 1659
1065 1739
1066 1867
1067 2026
1068 2195
1069 2352
1070 2475
1071 2555
1072 2579
1073 2545
1074 2459
1075 2329
1076 2171
1077 2003
1078 1851
1079 1731
1080 1659
1081 1643
1082 1690
1083 1787
1084 1928
1085 2089
1086 2251
1087 2395
1088 2507
1089 2563
1090 2569
1091 2515
1092 2411
1093 2272
1094 2112
1095 1947
1096 1803
1097 1699
1098 1650
1099 1657
1100 1722
1101 1835
1102 1987
1103 2153
1104 2312
1105 2443
1106 2531
1107 2571
1108 2547
1109 2475
1110 2355
1111 2209
1112 2043
1113 1891
1114 1763
1115 1682
1116 1651
1117 1682
1118 1763
1119 1891
1120 2051
1121 2211
1122 2360
1123 2475
1124 2547
1125 2563
1126 2523
1127 2435
1128 2306
1129 2147
1130 1987
1131 1843
1132 1731
1133 1667
1134 1659
1135 1707
1136 1811
1137 1947
1138 2107
1139 2267
1140 2403
1141 2507
1142 2555
1143 2547
1144 2491
1145 2387
1146 2248
1147 2089
1148 1931
1149 1801
1150 1707
1151 1665
1152 1680
1153 1747
1154 1864
1155 2008
1156 2170
1157 2321
1158 2443
1159 2523
1160 2555
1161 2531
1162 2457
1163 2337
1164 2187
1165 2027
1166 1883
1167 1763
1168 1688
1169 1667
1170 1699
1171 1787
1172 1915
1173 2072
1174 2227
1175 2370
1176 2475
1177 2539
1178 2547
1179 2505
1180 2411
1181 2280
1182 2130
1183 1971
1184 1835
1185 1731
1186 1680
1187 1680
1188 1731
1189 1835
1190 1971
1191 2131
1192 2283
1193 2411
1194 2499
1195 2545
1196 2531
1197 2472
1198 2363
1199 2225
1200 2072
1201 1921
1202 1795
1203 1707
1204 1675
1205 1696
1206 1770
1207 1883
1208 2032
1209 2187
1210 2331
1211 2449
1212 2523
1213 2544
1214 2515
1215 2434
1216 2313
1217 2163
1218 2011
1219 1872
1220 1762
1221 1691
1222 1681
1223 1721
1224 1811
1225 1939
1226 2091
1227 2243
1228 2379
1229 2475
1230 2531
1231 2531
1232 2483
1233 2387
1234 2259
1235 2107
1236 1955
1237 1827
1238 1731
1239 1683
1240 1691
1241 1753
1242 1859
1243 1995
1244 2147
1245 2297
1246 2419
1247 2504
1248 2537
1249 2520
1250 2451
1251 2339
1252 2202
1253 2051
1254 1907
1255 1787
1256 1713
1257 1683
1258 1715
1259 1793
1260 1907
1261 2051
1262 2203
1263 2344
1264 2451
1265 2515
1266 2531
1267 2499
1268 2411
1269 2291
1270 2147
1271 1995
1272 1859
1273 1755
1274 1699
1275 1691
1276 1739
1277 1833
1278 1963
1279 2112
1280 2259
1281 2387
1282 2482
1283 2523
1284 2522
1285 2467
1286 2369
1287 2235
1288 2089
1289 1944
1290 1819
1291 1731
1292 1696
1293 1707
1294 1771
1295 1883
1296 2019
1297 2169
1298 2307
1299 2424
1300 2499
1301 2523
1302 2499
1303 2432
1304 2315
1305 2179
1306 2032
1307 1896
1308 1785
1309 1715
1310 1699
1311 1731
1312 1811
1313 1936
1314 2075
1315 2224
1316 2355
1317 2451
1318 2513
1319 2520
1320 2475
1321 2387
1322 2267
1323 2123
1324 1979
1325 1851
1326 1755
1327 1707
1328 1707
1329 1761
1330 1859
1331 1986
1332 2131
1333 2273
1334 2395
1335 2475
1336 2515
1337 2507
1338 2448
1339 2346
1340 2216
1341 2072
1342 1931
1343 1816
1344 1737
1345 1705
1346 1723
1347 1795
1348 1906
1349 2041
1350 2187
1351 2321
1352 2427
1353 2497
1354 2515
1355 2488
1356 2411
1357 2299
1358 2162
1359 2017
1360 1883
1361 1784
1362 1722
1363 1707
1364 1747
1365 1834
1366 1955
1367 2097
1368 2235
1369 2363
1370 2457
1371 2507
1372 2507
1373 2459
1374 2371
1375 2248
1376 2107
1377 1968
1378 1843
1379 1755
1380 1715
1381 1721
1382 1779
1383 1875
1384 2003
1385 2147
1386 2283
1387 2400
1388 2480
1389 2507
1390 2491
1391 2427
1392 2323
1393 2195
1394 2056
1395 1921
1396 1811
1397 1739
1398 1715
1399 1739
1400 1816
1401 1923
1402 2059
1403 2201
1404 2330
1405 2427
1406 2491
1407 2504
1408 2467
1409 2387
1410 2275
1411 2139
1412 2003
1413 1875
1414 1779
1415 1729
1416 1723
1417 1769
1418 1858
1419 1977
1420 2115
1421 2251
1422 2371
1423 2456
1424 2499
1425 2491
1426 2442
1427 2347
1428 2226
1429 2089
1430 1955
1431 1840
1432 1761
1433 1723
1434 1739
1435 1801
1436 1899
1437 2027
1438 2168
1439 2297
1440 2403
1441 2473
1442 2498
1443 2475
1444 2403
1445 2299
1446 2171
1447 2035
1448 1907
1449 1809
1450 1747
1451 1729
1452 1761
1453 1835
1454 1947
1455 2083
1456 2219
1457 2339
1458 2433
1459 2483
1460 2491
1461 2451
1462 2369
1463 2251
1464 2123
1465 1987
1466 1867
1467 1777
1468 1738
1469 1739
1470 1787
1471 1881
1472 2000
1473 2131
1474 2266
1475 2376
1476 2451
1477 2488
1478 2475
1479 2419
1480 2323
1481 2203
1482 2073
1483 1939
1484 1835
1485 1762
1486 1737
1487 1753
1488 1819
1489 1923
1490 2051
1491 2184
1492 2307
1493 2403
1494 2467
1495 2483
1496 2459
1497 2387
1498 2281
1499 2147
1500 2019
1501 1899
1502 1803
1503 1752
1504 1745
1505 1779
1506 1859
1507 1970
1508 2099
1509 2232
1510 2347
1511 2432
1512 2475
1513 2475
1514 2432
1515 2347
1516 2232
1517 2107
1518 1977
1519 1865
1520 1785
1521 1747
1522 1755
1523 1811
1524 1899
1525 2019
1526 2147
1527 2275
1528 2379
1529 2448
1530 2475
1531 2459
1532 2402
1533 2299
1534 2186
1535 2051
1536 1931
1537 1833
1538 1769
1539 1747
1540 1771
1541 1841
1542 1945
1543 2067
1544 2195
1545 2315
1546 2403
1547 2459
1548 2473
1549 2441
1550 2368
1551 2259
1552 2137
1553 2009
1554 1896
1555 1809
1556 1760
1557 1755
1558 1795
1559 1883
1560 1987
1561 2115
1562 2243
1563 2352
1564 2427
1565 2467
1566 2465
1567 2411
1568 2328
1569 2211
1570 2089
1571 1963
1572 1859
1573 1785
1574 1755
1575 1769
1576 1827
1577 1921
1578 2035
1579 2163
1580 2283
1581 2379
1582 2443
1583 2467
1584 2443
1585 2379
1586 2283
1587 2168
1588 2041
1589 1923
1590 1827
1591 1771
1592 1755
1593 1787
1594 1859
1595 1963
1596 2083
1597 2211
1598 2323
1599 2411
1600 2459
1601 2464
1602 2425
1603 2347
1604 2243
1605 2115
1606 1994
1607 1883
1608 1803
1609 1763
1610 1763
1611 1811
1612 1898
1613 2010
1614 2137
1615 2257
1616 2360
1617 2432
1618 2459
1619 2450
1620 2395
1621 2307
1622 2195
1623 2072
1624 1953
1625 1851
1626 1787
1627 1762
1628 1779
1629 1843
1630 1939
1631 2057
1632 2179
1633 2296
1634 2387
1635 2443
1636 2459
1637 2433
1638 2368
1639 2267
1640 2147
1641 2024
1642 1914
1643 1827
1644 1778
1645 1769
1646 1803
1647 1880
1648 1985
1649 2105
1650 2225
1651 2331
1652 2411
1653 2451
1654 2450
1655 2408
1656 2329
1657 2219
1658 2104
1659 1979
1660 1882
1661 1808
1662 1771
1663 1779
1664 1832
1665 1915
1666 2027
1667 2147
1668 2267
1669 2363
1670 2427
1671 2451
1672 2435
1673 2379
1674 2289
1675 2177
1676 2057
1677 1939
1678 1849
1679 1787
1680 1771
1681 1795
1682 1865
1683 1960
1684 2075
1685 2195
1686 2306
1687 2387
1688 2440
1689 2448
1690 2416
1691 2345
1692 2249
1693 2131
1694 2011
1695 1905
1696 1827
1697 1779
1698 1779
1699 1819
1700 1899
1701 2003
1702 2123
1703 2235
1704 2339
1705 2411
1706 2443
1707 2435
1708 2387
1709 2307
1710 2202
1711 2083
1712 1969
1713 1873
1714 1808
1715 1779
1716 1795
1717 1850
1718 1939
1719 2051
1720 2169
1721 2275
1722 2368
1723 2424
1724 2443
1725 2419
1726 2360
1727 2267
1728 2155
1729 2040
1730 1931
1731 1848
1732 1795
1733 1784
1734 1811
1735 1882
1736 1979
1737 2091
1738 2210
1739 2313
1740 2392
1741 2435
1742 2435
1743 2401
1744 2323
1745 2227
1746 2114
1747 1995
1748 1899
1749 1825
1750 1787
1751 1795
1752 1840
1753 1915
1754 2019
1755 2139
1756 2251
1757 2339
1758 2408
1759 2435
1760 2419
1761 2371
1762 2291
1763 2185
1764 2072
1765 1961
1766 1872
1767 1811
1768 1792
1769 1809
1770 1867
1771 1955
1772 2067
1773 2179
1774 2283
1775 2368
1776 2419
1777 2433
1778 2403
1779 2339
1780 2251
1781 2139
1782 2027
1783 1923
1784 1848
1785 1803
1786 1795
1787 1827
1788 1899
1789 1995
1790 2107
1791 2219
1792 2315
1793 2387
1794 2425
1795 2419
1796 2384
1797 2307
1798 2211
1799 2099
1800 1987
1801 1896
1802 1827
1803 1795
1804 1808
1805 1856
1806 1938
1807 2035
1808 2153
1809 2259
1810 2347
1811 2403
1812 2427
1813 2410
1814 2355
1815 2267
1816 2163
1817 2057
1818 1947
1819 1867
1820 1817
1821 1801
1822 1826
1823 1883
1824 1977
1825 2083
1826 2195
1827 2291
1828 2370
1829 2411
1830 2419
1831 2387
1832 2323
1833 2233
1834 2123
1835 2017
1836 1921
1837 1849
1838 1810
1839 1808
1840 1843
1841 1915
1842 2011
1843 2123
1844 2232
1845 2323
1846 2387
1847 2419
1848 2411
1849 2363
1850 2291
1851 2192
1852 2083
1853 1978
1854 1891
1855 1832
1856 1809
1857 1824
1858 1875
1859 1955
1860 2059
1861 2163
1862 2267
1863 2347
1864 2401
1865 2416
1866 2395
1867 2338
1868 2251
1869 2152
1870 2043
1871 1945
1872 1867
1873 1819
1874 1811
1875 1840
1876 1904
1877 1993
1878 2099
1879 2203
1880 2299
1881 2371
1882 2409
1883 2411
1884 2377
1885 2307
1886 2216
1887 2107
1888 2003
1889 1915
1890 1849
1891 1811
1892 1819
1893 1864
1894 1937
1895 2032
1896 2139
1897 2241
1898 2323
1899 2384
1900 2410
1901 2395
1902 2347
1903 2274
1904 2178
1905 2073
1906 1971
1907 1889
1908 1835
1909 1816
1910 1835
1911 1889
1912 1971
1913 2073
1914 2179
1915 2274
1916 2347
1917 2395
1918 2408
1919 2379
1920 2322
1921 2235
1922 2137
1923 2033
1924 1939
1925 1866
1926 1827
1927 1819
1928 1857
1929 1921
1930 2010
1931 2113
1932 2211
1933 2304
1934 2369
1935 2403
1936 2395
1937 2360
1938 2290
1939 2200
1940 2098
1941 1995
1942 1907
1943 1850
1944 1824
1945 1833
1946 1880
1947 1954
1948 2051
1949 2153
1950 2251
1951 2330
1952 2384
1953 2402
1954 2385
1955 2331
1956 2257
1957 2161
1958 2058
1959 1963
1960 1883
1961 1840
1962 1826
1963 1849
1964 1907
1965 1987
1966 2089
1967 2187
1968 2281
1969 2347
1970 2392
1971 2395
1972 2369
1973 2307
1974 2219
1975 2123
1976 2019
1977 1931
1978 1867
1979 1832
1980 1833
1981 1867
1982 1937
1983 2026
1984 2130
1985 2225
1986 2307
1987 2368
1988 2395
1989 2387
1990 2346
1991 2275
1992 2184
1993 2083
1994 1987
1995 1906
1996 1851
1997 1827
1998 1843
1999 1891
2000 1969
2001 2065
2002 2163
2003 2257
2004 2331
2005 2379
2006 2395
2007 2371
2008 2320
2009 2242
2010 2146
2011 2043
2012 1955
2013 1883
2014 1842
2015 1835
2016 1865
2017 1923
2018 2003
2019 2104
2020 2201
2021 2289
2022 2352
2023 2387
2024 2387
2025 2353
2026 2291
2027 2203
2028 2107
2029 2010
2030 1923
2031 1866
2032 1835
2033 1843
2034 1883
2035 1952
2036 2043
2037 2139
2038 2235
2039 2313
2040 2368
2041 2387
2042 2377
2043 2331
2044 2259
2045 2163
2046 2072
2047 1977
2048 1906
2049 1857
2050 1841
2051 1859
2052 1907
2053 1987
2054 2082
2055 2176
2056 2267
2057 2331
2058 2378
2059 2387
2060 2362
2061 2307
2062 2226
2063 2193
2064 2035
2065 1947
2066 1883
2067 1851
2068 1843
2069 1875
2070 1939
2071 2019
2072 2115
2073 2211
2074 2354
2075 2352
2076 2377
2077 2377
2078 2339
2079 2274
2080 2187
2081 2091
2082 2001
2083 1923
2084 1867
2085 1848
2086 1859
2087 1899
2088 1971
2089 2059
2090 2155
2091 2243
2092 2315
2093 2362
2094 2379
2095 2363
2096 2315
2097 2242
2098 2153
2099 2058
2100 1969
2101 1899
2102 1859
2103 1848
2104 1873
2105 1923
2106 2003
2107 2097
2108 2187
2109 2273
2110 2337
2111 2371
2112 2376
2113 2345
2114 2283
2115 2203
2116 2115
2117 2019
2118 1939
2119 1883
2120 1851
2121 1856
2122 1891
2123 1955
2124 2035
2125 2131
2126 2219
2127 2297
2128 2352
2129 2376
2130 2363
2131 2323
2132 2259
2133 2171
2134 2081
2135 1987
2136 1915
2137 1867
2138 1851
2139 1867
2140 1914
2141 1985
2142 2075
2143 2168
2144 2251
2145 2321
2146 2363
2147 2371
2148 2352
2149 2299
2150 2226
2151 2138
2152 2043
2153 1961
2154 1899
2155 1859
2156 1857
2157 1883
2158 1939
2159 2019
2160 2112
2161 2201
2162 2281
2163 2339
2164 2369
2165 2363
2166 2331
2167 2272
2168 2187
2169 2099
2170 2011
2171 1937
2172 1883
2173 1859
2174 1867
2175 1904
2176 1970
2177 2051
2178 2147
2179 2232
2180 2304
2181 2347
2182 2371
2183 2369
2184 2312
2185 2241
2186 2160
2187 2067
2188 1985
2189 1931
2190 1873
2191 1859
2192 1875
2193 1929
2194 2001
2195 2088
2196 2179
2197 2258
2198 2323
2199 2355
2200 2363
2201 2339
2202 2288
2203 2211
2204 2123
2205 2035
2206 1955
2207 1899
2208 1867
2209 1865
2210 1897
2211 1953
2212 2027
2213 2120
2214 2209
2215 2283
2216 2338
2217 2363
2218 2355
2219 2321
2220 2259
2221 2179
2222 2091
2223 2003
2224 1936
2225 1883
2226 1867
2227 1875
2228 1915
2229 1979
2230 2066
2231 2154
2232 2235
2233 2305
2234 2354
2235 2363
2236 2346
2237 2299
2238 2227
2239 2147
2240 2059
2241 1977
2242 1930
2243 1875
2244 1867
2245 1891
2246 1939
2247 2011
2248 2099
2249 2187
2250 2265
2251 2323
2252 2355
2253 2355
2254 2328
2255 2273
2256 2201
2257 2113
2258 2032
2259 1953
2260 1899
2261 1872
2262 1875
2263 1909
2264 1971
2265 2048
2266 2129
2267 2216
2268 2283
2269 2331
2270 2355
2271 2347
2272 2307
2273 2248
2274 2168
2275 2081
2276 1995
2277 1931
2278 1888
2279 1872
2280 1883
2281 1930
2282 1995
2283 2080
2284 2163
2285 2243
2286 2307
2287 2344
2288 2355
2289 2331
2290 2288
2291 2217
2292 2136
2293 2051
2294 1971
2295 1913
2296 1881
2297 1875
2298 1904
2299 1955
2300 2027
2301 2113
2302 2195
2303 2267
2304 2321
2305 2347
2306 2347
2307 2315
2308 2259
2309 2187
2310 2104
2311 2019
2312 1947
2313 1899
2314 1875
2315 1883
2316 1921
2317 1979
2318 2059
2319 2144
2320 2226
2321 2291
2322 2336
2323 2352
2324 2338
2325 2297
2326 2232
2327 2154
2328 2072
2329 1992
2330 1931
2331 1891
2332 1875
2333 1897
2334 1945
2335 2011
2336 2091
2337 2176
2338 2251
2339 2307
2340 2339
2341 2347
2342 2323
2343 2273
2344 2203
2345 2123
2346 2035
2347 1963
2348 1912
2349 1883
2350 1883
2351 1913
2352 1969
2353 2041
2354 2123
2355 2203
2356 2275
2357 2323
2358 2346
2359 2339
2360 2307
2361 2248
2362 2171
2363 2091
2364 2011
2365 1945
2366 1899
2367 1883
2368 1896
2369 1931
2370 1995
2371 2073
2372 2155
2373 2227
2374 2291
2375 2331
2376 2345
2377 2329
2378 2283
2379 2219
2380 2144
2381 2059
2382 1987
2383 1928
2384 1891
2385 1883
2386 1907
2387 1955
2388 2024
2389 2105
2390 2186
2391 2256
2392 2307
2393 2339
2394 2339
2395 2313
2396 2259
2397 2187
2398 2112
2399 2032
2400 1963
2401 1913
2402 1889
2403 1891
2404 1923
2405 1979
2406 2051
2407 2131
2408 2211
2409 2275
2410 2322
2411 2339
2412 2331
2413 2296
2414 2235
2415 2163
2416 2083
2417 2003
2418 1939
2419 1899
2420 1888
2421 1904
2422 1947
2423 2010
2424 2083
2425 2163
2426 2240
2427 2296
2428 2331
2429 2338
2430 2315
2431 2272
2432 2203
2433 2130
2434 2051
2435 1979
2436 1923
2437 1896
2438 1891
2439 1915
2440 1969
2441 2035
2442 2115
2443 2193
2444 2259
2445 2307
2446 2336
2447 2331
2448 2304
2449 2249
2450 2179
2451 2099
2452 2024
2453 1955
2454 1912
2455 1891
2456 1899
2457 1937
2458 1995
2459 2067
2460 2147
2461 2219
2462 2283
2463 2321
2464 2336
2465 2321
2466 2282
2467 2219
2468 2147
2469 2067
2470 1995
2471 1939
2472 1905
2473 1896
2474 1913
2475 1955
2476 2019
2477 2097
2478 2176
2479 2243
2480 2298
2481 2323
2482 2330
2483 2307
2484 2259
2485 2195
2486 2120
2487 2041
2488 1971
2489 1923
2490 1899
2491 1899
2492 1930
2493 1979
2494 2051
2495 2123
2496 2202
2497 2265
2498 2307
2499 2329
2500 2322
2501 2288
2502 2234
2503 2163
2504 2088
2505 2011
2506 1955
2507 1914
2508 1899
2509 1913
2510 1952
2511 2009
2512 2082
2513 2155
2514 2227
2515 2283
2516 2315
2517 2323
2518 2307
2519 2267
2520 2209
2521 2137
2522 2059
2523 1987
2524 1939
2525 1907
2526 1899
2527 1923
2528 1971
2529 2035
2530 2107
2531 2185
2532 2251
2533 2299
2534 2323
2535 2323
2536 2297
2537 2248
2538 2179
2539 2107
2540 2033
2541 1969
2542 1923
2543 1905
2544 1907
2545 1939
2546 1995
2547 2065
2548 2139
2549 2209
2550 2267
2551 2307
2552 2323
2553 2313
2554 2275
2555 2224
2556 2155
2557 2080
2558 2009
2559 1953
2560 1915
2561 1905
2562 1921
2563 1960
2564 2019
2565 2091
2566 2163
2567 2233
2568 2283
2569 2315
2570 2321
2571 2299
2572 2259
2573 2195
2574 2123
2575 2051
2576 1987
2577 1939
2578 1912
2579 1907
2580 1936
2581 1979
2582 2048
2583 2121
2584 2192
2585 2251
2586 2296
2587 2315
2588 2314
2589 2283
2590 2235
2591 2171
2592 2099
2593 2027
2594 1969
2595 1929
2596 1907
2597 1915
2598 1947
2599 2003
2600 2074
2601 2145
2602 2211
2603 2267
2604 2307
2605 2315
2606 2307
2607 2267
2608 2211
2609 2139
2610 2073
2611 2003
2612 1952
2613 1920
2614 1913
2615 1930
2616 1971
2617 2027
2618 2099
2619 2171
2620 2235
2621 2283
2622 2312
2623 2313
2624 2291
2625 2249
2626 2187
2627 2120
2628 2050
2629 1986
2630 1939
2631 1915
2632 1915
2633 1939
2634 1992
2635 2056
2636 2123
2637 2195
2638 2251
2639 2296
2640 2315
2641 2307
2642 2280
2643 2227
2644 2162
2645 2091
2646 2024
2647 1963
2648 1929
2649 1915
2650 1923
2651 1961
2652 2011
2653 2083
2654 2154
2655 2218
2656 2267
2657 2304
2658 2313
2659 2297
2660 2259
2661 2203
2662 2138
2663 2067
2664 2003
2665 1952
2666 1922
2667 1915
2668 1937
2669 1979
2670 2035
2671 2107
2672 2177
2673 2235
2674 2283
2675 2307
2676 2307
2677 2283
2678 2242
2679 2179
2680 2107
2681 2040
2682 1979
2683 1939
2684 1920
2685 1923
2686 1952
2687 2001
2688 2067
2689 2136
2690 2201
2691 2259
2692 2291
2693 2307
2694 2299
2695 2267
2696 2218
2697 2154
2698 2083
2699 2019
2700 1963
2701 1931
2702 1921
2703 1931
2704 1970
2705 2024
2706 2091
2707 2160
2708 2219
2709 2272
2710 2299
2711 2307
2712 2291
2713 2251
2714 2195
2715 2128
2716 2059
2717 1995
2718 1947
2719 1923
2720 1923
2721 1947
2722 1992
2723 2051
2724 2120
2725 2185
2726 2243
2727 2283
2728 2305
2729 2299
2730 2274
2731 2227
2732 2168
2733 2099
2734 2035
2735 1979
2736 1939
2737 1923
2738 1931
2739 1961
2740 2011
2741 2075
2742 2139
2743 2208
2744 2259
2745 2291
2746 2307
2747 2291
2748 2259
2749 2203
2750 2139
2751 2074
2752 2011
2753 1963
2754 1931
2755 1923
2756 1945
2757 1979
2758 2035
2759 2104
2760 2170
2761 2227
2762 2273
2763 2298
2764 2299
2765 2275
2766 2235
2767 2179
2768 2115
2769 2051
2770 1994
2771 1953
2772 1931
2773 1931
2774 1955
2775 2003
2776 2059
2777 2128
2778 2187
2779 2243
2780 2283
2781 2299
2782 2291
2783 2265
2784 2218
2785 2155
2786 2091
2787 2027
2788 1977
2789 1939
2790 1931
2791 1939
2792 1971
2793 2024
2794 2088
2795 2153
2796 2211
2797 2259
2798 2291
2799 2297
2800 2283
2801 2243
2802 2195
2803 2131
2804 2067
2805 2003
2806 1963
2807 1937
2808 1931
2809 1953
2810 1993
2811 2049
2812 2112
2813 2176
2814 2227
2815 2273
2816 2291
2817 2291
2818 2272
2819 2227
2820 2171
2821 2107
2822 2043
2823 1987
2824 1952
2825 1931
2826 1939
2827 1963
2828 2011
2829 2075
2830 2138
2831 2195
2832 2249
2833 2281
2834 2291
2835 2283
2836 2251
2837 2203
2838 2147
2839 2083
2840 2025
2841 1976
2842 1946
2843 1937
2844 1947
2845 1985
2846 2035
2847 2097
2848 2161
2849 2218
2850 2259
2851 2283
2852 2291
2853 2273
2854 2235
2855 2179
2856 2123
2857 2059
2858 2003
2859 1963
2860 1944
2861 1939
2862 1963
2863 2003
2864 2059
2865 2123
2866 2179
2867 2233
2868 2267
2869 2288
2870 2283
2871 2259
2872 2216
2873 2160
2874 2099
2875 2035
2876 1987
2877 1955
2878 1939
2879 1947
2880 1978
2881 2024
2882 2083
2883 2145
2884 2203
2885 2251
2886 2280
2887 2288
2888 2275
2889 2243
2890 2195
2891 2137
2892 2075
2893 2019
2894 1976
2895 1947
2896 1945
2897 1961
2898 1995
2899 2048
2900 2107
2901 2168
2902 2219
2903 2259
2904 2283
2905 2283
2906 2265
2907 2225
2908 2171
2909 2113
2910 2051
2911 2001
2912 1963
2913 1947
2914 1947
2915 1971
2916 2016
2917 2067
2918 2131
2919 2187
2920 2235
2921 2267
2922 2283
2923 2275
2924 2250
2925 2203
2926 2147
2927 2090
2928 2033
2929 1987
2930 1955
2931 1947
2932 1960
2933 1987
2934 2035
2935 2091
2936 2153
2937 2203
2938 2249
2939 2275
2940 2282
2941 2265
2942 2233
2943 2185
2944 2129
2945 2067
2946 2016
2947 1971
2948 1954
2949 1952
2950 1970
2951 2003
2952 2059
2953 2115
2954 2171
2955 2219
2956 2259
2957 2275
2958 2275
2959 2251
2960 2217
2961 2163
2962 2107
2963 2050
2964 2001
2965 1963
2966 1952
2967 1955
2968 1984
2969 2025
2970 2080
2971 2137
2972 2192
2973 2235
2974 2267
2975 2275
2976 2267
2977 2241
2978 2195
2979 2144
2980 2083
2981 2027
2982 1987
2983 1955
2984 1952
2985 1963
2986 1995
2987 2043
2988 2099
2989 2160
2990 2211
2991 2251
2992 2273
2993 2275
2994 2258
2995 2224
2996 2177
2997 2121
2998 2065
2999 2011
3000 1976
3001 1955
3002 1955
3003 1977
3004 2016
3005 2067
3006 2123
3007 2179
3008 2227
3009 2259
3010 2275
3011 2267
3012 2248
3013 2203
3014 2155
3015 2099
3016 2043
3017 1995
3018 1963
3019 1954
3020 1963
3021 1987
3022 2035
3023 2089
3024 2147
3025 2195
3026 2241
3027 2267
3028 2275
3029 2259
3030 2227
3031 2187
3032 2131
3033 2075
3034 2025
3035 1985
3036 1963
3037 1955
3038 1971
3039 2008
3040 2057
3041 2107
3042 2163
3043 2211
3044 2251
3045 2267
3046 2272
3047 2251
3048 2217
3049 2163
3050 2113
3051 2057
3052 2011
3053 1976
3054 1960
3055 1963
3056 1986
3057 2024
3058 2075
3059 2131
3060 2185
3061 2227
3062 2259
3063 2267
3064 2264
3065 2235
3066 2195
3067 2146
3068 2091
3069 2035
3070 1995
3071 1969
